0 33 3
1 36 10
2 93 6
3 61 5
4 93 1
4 93 17
5 43 9
6 54 4
9 18 69
10 93 13
11 54 122
12 89 1
13 29 2
15 28 68
17 27 20
18 29 12
20 90 11
22 28 18
39 72 46
40 7 62
41 93 40
46 72 9999
52 54 41
54 45 90
55 60 57
57 5 6969
62 45 71
65 29 67
67 54 54
68 39 52
69 93 22
71 54 80
80 39 82
82 89 65
90 88 91
91 15 99
99 47 101
100 H 110
101 88 121
110 T 111
111 B 112
112 { 113
113 l 114
114 0 115
115 l 116
116 _ 117
117 n 118
118 0 119
119 p 120
120 e 121
121 10 55
121 } 122
122 47 404
404 28 505
505 60 15
6969 29 39
9999 20 999
69420 48 69421
69421 6 69425
69425 28 69427
69427 73 69431
69431 4 69433
69433 8 69437
69437 7 69439
69439 8 69443
69443 14 69445
69445 12 69449
69449 13 69451
69451 73 69455
69455 29 69457
69457 6 69461
69461 73 69463
69463 25 69467
69467 8 69469
69469 26 69473
69473 26 69475
69475 73 69479
69479 29 69481
69481 1 69485
69485 27 69487
69487 6 69491
69491 28 69493
69493 14 69497
69497 1 69499
69499 73 69503
69503 8 69505
69505 5 69509
69509 5 69511
69511 73 69515
69515 29 69517
69517 1 69521
69521 12 69523
69523 73 69527
69527 10 69529
69529 6 69533
69533 27 69535
69535 27 69539
69539 12 69541
69541 10 69545
69545 29 69547
69547 73 69551
69551 26 69553
69553 29 69557
69557 8 69559
69559 29 69563
69563 12 69565
69565 26 69569
69569 73 69571
69571 6 69575
69575 15 69577
69577 73 69581
69581 29 69583
69583 1 69587
69587 12 69589
69589 73 69593
69593 8 69595
69595 28 69599
69599 29 69601
69601 6 69605
69605 4 69607
69607 8 69611
69611 29 69613
69613 8 69617
69617 73 69619
69619 8 69623
69623 7 69625
69625 13 69629
69629 73 69631
69631 27 69635
69635 12 69637
69637 8 69641
69641 10 69643
69643 1 69647
69647 73 69649
69649 29 69653
69653 1 69655
69655 12 69659
69659 73 69661
69661 15 69665
69665 0 69667
69667 7 69671
69671 8 69673
69673 5 69677
69677 73 69679
69679 26 69683
69683 29 69685
69685 8 69689
69689 29 69691
69691 12 69695
69695 71 69697
69697 73 69701
69701 36 69703
69703 8 69707
69707 7 69709
69709 16 69713
69713 73 69715
69715 25 69719
69719 12 69721
69721 6 69725
69725 25 69727
69727 5 69731
69731 12 69733
69733 73 69737
69737 29 69739
69739 27 69743
69743 0 69745
69745 12 69749
69749 13 69751
69751 73 69755
69755 29 69757
69757 6 69761
69761 73 69763
69763 13 69767
69767 6 69769
69769 73 69773
69773 29 69775
69775 1 69779
69779 0 69781
69781 26 69785
69785 73 69787
69787 11 69791
69791 16 69793
69793 73 69797
69797 1 69799
69799 8 69803
69803 7 69805
69805 13 69809
69809 73 69811
69811 8 69815
69815 7 69817
69817 13 69821
69821 73 69823
69823 15 69827
69827 8 69829
69829 0 69833
69833 5 69835
69835 12 69839
69839 13 69841
69841 71 69845
69845 71 69847
69847 73 69851
69851 38 69853
69853 7 69857
69857 5 69859
69859 16 69863
69863 73 69865
69865 29 69869
69869 1 69871
69871 12 69875
69875 73 69877
69877 27 69881
69881 12 69883
69883 8 69887
69887 5 69889
69889 73 69893
69893 6 69895
69895 7 69899
69899 12 69901
69901 26 69905
69905 73 69907
69907 4 69911
69911 8 69913
69913 7 69917
69917 8 69919
69919 14 69923
69923 12 69925
69925 13 69929
69929 73 69931
69931 29 69935
69935 6 69937
69937 73 69941
69941 27 69943
69943 12 69947
69947 8 69949
69949 10 69953
69953 1 69955
69955 73 69959
69959 29 69961
69961 1 69965
69965 12 69967
69967 73 69971
69971 15 69973
69973 0 69977
69977 7 69979
69979 8 69983
69983 5 69985
69985 73 69989
69989 26 69991
69991 29 69995
69995 8 69997
69997 29 70001
70001 12 70003
70003 71 70007
70007 73 70009
70009 48 70013
70013 6 70015
70015 28 70019
70019 73 70021
70021 8 70025
70025 5 70027
70027 26 70031
70031 6 70033
70033 73 70037
70037 15 70039
70039 6 70043
70043 28 70045
70045 7 70049
70049 13 70051
70051 73 70055
70055 29 70057
70057 1 70061
70061 12 70063
70063 73 70067
70067 26 70069
70069 12 70073
70073 10 70075
70075 27 70079
70079 12 70081
70081 29 70085
70085 73 70087
70087 2 70091
70091 12 70093
70093 16 70097
70097 73 70099
70099 29 70103
70103 6 70105
70105 73 70109
70109 13 70111
70111 12 70115
70115 10 70117
70117 27 70121
70121 16 70123
70123 25 70127
70127 29 70129
70129 73 70133
70133 29 70135
70135 1 70139
70139 12 70141
70141 73 70145
70145 4 70147
70147 12 70151
70151 26 70153
70153 26 70157
70157 8 70159
70159 14 70163
70163 12 70165
70165 71 70169
70169 73 70171
70171 48 70175
70175 6 70177
70177 28 70181
70181 73 70183
70183 8 70187
70187 27 70189
70189 12 70193
70193 73 70195
70195 29 70199
70199 27 70201
70201 28 70205
70205 5 70207
70207 16 70211
70211 73 70213
70213 30 70217
70217 6 70219
70219 27 70223
70223 29 70225
70225 1 70229
70229 16 70231
70231 72 70235
70235 72 70237
70237 73 70241
70241 48 70243
70243 6 70247
70247 28 70249
70249 73 70253
70253 26 70255
70255 1 70259
70259 6 70261
70261 28 70265
70265 5 70267
70267 13 70271
70271 73 70273
70273 11 70277
70277 12 70279
70279 73 70283
70283 27 70285
70285 12 70289
70289 30 70291
70291 8 70295
70295 27 70297
70297 13 70301
70301 12 70303
70303 13 70307
70307 73 70309
70309 30 70313
70313 0 70315
70315 29 70319
70319 1 70321
70321 73 70325
70325 29 70327
70327 1 70331
70331 0 70333
70333 26 70337
70337 73 70339
70339 14 70343
70343 0 70345
70345 15 70349
70349 29 70351
70351 72 70355
70355 73 70357
70357 61 70361
70361 1 70363
70363 12 70367
70367 73 70369
70369 25 70373
70373 8 70375
70375 26 70379
70379 26 70381
70381 25 70385
70385 1 70387
70387 27 70391
70391 8 70393
70393 26 70397
70397 12 70399
70399 73 70403
70403 29 70405
70405 6 70409
70409 73 70411
70411 28 70415
70415 7 70417
70417 5 70421
70421 6 70423
70423 10 70427
70427 2 70429
70429 73 70433
70433 29 70435
70435 1 70439
70439 12 70441
70441 73 70445
70445 13 70447
70447 6 70451
70451 6 70453
70453 27 70457
70457 73 70459
70459 0 70463
70463 26 70465
70465 83 70469
70469 73 0
